0.053657926	0.162790698	0.88172043	0.714285714
0.089850525	0.369767442	0.838709677	0.714285714
0.663157448	0.030232558	0.88172043	0.714285714
0.01800443	0.276744186	0.978494624	0.607142857
0.01413379	0.041860465	0.860215054	0.714285714
0.01424888	0.037209302	0.784946237	0.607142857
0.044016662	0.027906977	0.978494624	0.607142857
0.020132575	0.062790698	0.741935484	0.482142857
0.013249419	0.353488372	0.903225806	0.607142857
0.01138174	0.311627907	0.956989247	0.607142857
0.019383484	0.176744186	0.849462366	0.714285714
0.037248595	0.251162791	0.892473118	0.357142857
0.01554717	0.372093023	0.849462366	0.714285714
0.047011006	0.102325581	0.838709677	0.357142857
0.019599529	0.281395349	0.827956989	0.482142857
0.006158294	0.137209302	0.849462366	0.714285714
0.019094751	0.051162791	0.784946237	0.357142857
0.03557677	0.034883721	0.870967742	0.714285714
0.26712864	0.239534884	0.817204301	0.892857143
0.014335702	0.013953488	0.849462366	0.714285714
0.002624847	0.306976744	0.698924731	0.714285714
0.208473409	0.06744186	0.688172043	0.892857143
0.019181573	0.330232558	0.817204301	0.714285714
0.046053947	0.234883721	0.935483871	0.714285714
0.017600607	0.046511628	0.935483871	0.714285714
0.074951491	0.113953488	0.52688172	0.714285714
0.044824307	0.025581395	0.967741935	0.446428571
0.074909089	0.351162791	0.817204301	0.892857143
0.027459936	0.086046512	0.419354839	0.803571429
0.057237813	0.025581395	0.849462366	0.357142857
0.01843652	0.286046512	0.903225806	0.607142857
0.022749345	0.023255814	0.88172043	0.714285714
0.128254053	0.181395349	0.903225806	0.714285714
0.004559157	0.202325581	0.752688172	0.607142857
0.093283017	0.455813953	0.817204301	0.892857143
0.261878946	0.190697674	1	0.714285714
0.038918402	0.23255814	0.849462366	0.714285714
0.046405272	0.018604651	0.311827957	0.482142857
0.002509757	0.244186047	0.376344086	0.714285714
0.00564544	0.097674419	0.11827957	0.482142857
0.014083313	0.374418605	0.892473118	0.714285714
0.109738787	0.1	0.698924731	0.607142857
0.033921097	0.030232558	0.709677419	0.446428571
0.051992158	0.334883721	0.860215054	0.714285714
0.015395736	0.037209302	0.870967742	0.357142857
0.006442989	0.1	0.129032258	0.482142857
0.029816241	0.060465116	0.709677419	0.714285714
0.019030139	0.109302326	0.677419355	0.714285714
0.021301641	0.1	0.924731183	0.714285714
0.021154246	0.172093023	0.52688172	0.607142857
0.046861592	0.088372093	0.838709677	0.357142857
0.038363146	0.490697674	0.870967742	0.714285714
0.09575643	0.106976744	0.752688172	0.714285714
0.027459936	0.009302326	0.64516129	0.714285714
0.122762066	0.18372093	0.849462366	0.714285714
0.053126899	0.181395349	0.892473118	0.607142857
0.20150747	0.193023256	0.688172043	0.714285714
0.09655398	0.211627907	0.849462366	0.714285714
0.079452094	0.074418605	0.35483871	0.714285714
0.033987728	0.079069767	0.892473118	0.482142857
0.045530996	0.158139535	0.913978495	0.482142857
0.083591275	0.039534884	0.172043011	0.160714286
0.03432492	0.311627907	0.849462366	0.714285714
0.015749081	0.297674419	0.698924731	0.892857143
0.02968096	0.279069767	1	0.839285714
0.016623357	0.025581395	0.849462366	0.714285714
0.026181837	0.025581395	0.731182796	0.607142857
0.041290859	0.176744186	0.76344086	0.607142857
0.05346611	0.025581395	0.978494624	0.714285714
0.053223817	0.030232558	1	0.607142857
0.038484292	0.334883721	0.849462366	0.714285714
0.11724383	0.162790698	0.870967742	0.714285714
0.023084518	0.158139535	0.967741935	0.714285714
0.015749081	0.51627907	0.817204301	0.892857143
0.001110512	0.302325581	0.698924731	0.714285714
0.028671404	0.023255814	0.838709677	0.482142857
0.028729958	0.058139535	0.860215054	0.482142857
0.72146943	0.030232558	0.956989247	0.607142857
0.017364371	0.337209302	0.956989247	0.892857143
0.032608674	0.348837209	0.698924731	0.892857143
0.046116539	0.03255814	0.989247312	0.607142857
0.018844381	0.179069767	0.602150538	0.714285714
0.012720411	0.841860465	0.935483871	0.714285714
0.032103895	0.223255814	0.666666667	0.714285714
0.002073629	0.469767442	0.580645161	0.607142857
0.07961968	0.21627907	0.838709677	0.607142857
0.001211468	0.081395349	0.430107527	0.839285714
0.036061357	0.36744186	0.903225806	0.714285714
0.047247242	0.060465116	0.602150538	0.607142857
0.036041166	0.081395349	0.946236559	0.803571429
0.01413379	0.725581395	0.817204301	0.714285714
0.01716246	0.088372093	0.892473118	0.714285714
0.054667482	0.046511628	0.688172043	0.714285714
0.093182061	0.109302326	0.903225806	0.482142857
0.049819592	0.074418605	0.849462366	0.357142857
0.020179015	0.069767442	0.204301075	0.607142857
0.034930654	0.362790698	0.88172043	0.714285714
0.011064739	0.572093023	0.967741935	0.714285714
0.257992154	0.079069767	0.76344086	0.714285714
0.060111011	0.1	0.387096774	0.714285714
0.022024484	0.234883721	0.537634409	0.357142857
0.046423444	0.030232558	0.698924731	0.839285714
0.054192991	0.281395349	0.924731183	0.714285714
0.509690732	0.025581395	0.860215054	0.607142857
0.070971819	0.044186047	0.709677419	0.446428571
0.040852712	0.206976744	0.870967742	0.892857143
0.023623621	0.553488372	0.892473118	0.714285714
0.052573662	0.041860465	0.688172043	0.714285714
0.102140865	0.1	0.204301075	0.357142857
0.00935455	0.037209302	0.344086022	0.839285714
0.059614309	0.134883721	0.76344086	0.714285714
0.040830502	0.176744186	0.838709677	0.357142857
0.073620895	0.186046512	0.849462366	0.482142857
0.01554717	0.413953488	0.849462366	0.714285714
0.05722166	0.28372093	0.88172043	0.714285714
0.0375555	0.088372093	0.903225806	0.714285714
0.421186956	0.202325581	1	0.714285714
0.041109139	0.025581395	0.849462366	0.714285714
0.100097523	0.125581395	0.76344086	0.607142857
0.05114413	0.1	0.849462366	0.357142857
0.039614996	0.046511628	0.967741935	0.714285714
0.01465876	0.446511628	0.989247312	0.714285714
0.198781667	0.069767442	0.623655914	0.714285714
0.032305807	0.01627907	0.946236559	0.446428571
0.059765743	0.344186047	0.817204301	0.892857143
0.092764105	0.01627907	0.440860215	0.607142857
0.040796177	0.202325581	0.967741935	0.607142857
0.485259466	0.023255814	0.688172043	0.607142857
0.033517275	0.025581395	0.537634409	0.607142857
0.045228129	0.018604651	0.311827957	0.482142857
0.022525224	0.051162791	0.989247312	0.714285714
0.055374172	0.160465116	0.52688172	0.892857143
0.015749081	0.527906977	0.817204301	0.714285714
0.028873315	0.337209302	0.946236559	0.714285714
0.842071045	0.023255814	0.913978495	0.839285714
0.020132575	0.086046512	0.892473118	0.482142857
0.051790246	0.055813953	0.677419355	0.714285714
0.025289389	0.209302326	0.76344086	0.714285714
0.131730965	0.023255814	0.290322581	0.607142857
0.016758637	0.560465116	0.860215054	0.607142857
0.091566771	0.093023256	0.88172043	0.714285714
0.202718937	0.295348837	0.817204301	0.714285714
0.060270521	0.081395349	0.76344086	0.714285714
0.069901689	0.046511628	0.978494624	0.714285714
0.095504041	0.320930233	1	0.714285714
0.056347384	0.020930233	0.268817204	0.482142857
0.047146287	0.441860465	0.946236559	0.803571429
0.086341307	0.081395349	0.35483871	0.803571429
0.04308787	0.044186047	0.924731183	0.303571429
0.07568241	0.006976744	0.838709677	0.357142857
0.027056113	0.430232558	0.817204301	0.839285714
0.015749081	0.648837209	0.956989247	0.714285714
0.071072775	0.020930233	0.827956989	0.607142857
0.138878625	0.106976744	0.989247312	0.482142857
0.013629012	0.360465116	0.838709677	0.714285714
0.05148738	0.38372093	0.817204301	0.446428571
0.021705464	0.51627907	0.956989247	0.607142857
0.031619308	0.076744186	0.64516129	0.714285714
0.279950007	0.048837209	0.430107527	0.803571429
0.001110512	0.304651163	0.698924731	0.714285714
0.107719674	0.190697674	0.989247312	0.607142857
0.093628285	0.048837209	0.913978495	0.607142857
0.019989218	0.495348837	0.817204301	0.892857143
0.057948541	0.534883721	0.849462366	0.714285714
0.258278868	0.025581395	0.731182796	0.714285714
0.050003332	0.069767442	0.849462366	0.357142857
0.695988225	0.13255814	0.860215054	0.714285714
0.016556726	0.065116279	0.580645161	0.357142857
0.015496692	0.020930233	1	0.714285714
0.005411223	0.418604651	0.989247312	0.714285714
0.028873315	0.311627907	0.817204301	0.714285714
0.254206317	0.158139535	0.849462366	0.714285714
0.063602057	0.497674419	0.978494624	0.446428571
0.017768194	0.402325581	1	0.607142857
0.39372702	0.041860465	0.52688172	0.482142857
0.138713058	0.302325581	0.838709677	0.303571429
0.110748344	0.020930233	0.967741935	0.482142857
0.08742759	0.009302326	0.989247312	0.482142857
0.038363146	0.018604651	0.913978495	0.446428571
0.043481597	0.120930233	0.838709677	0.357142857
0.103941914	0.039534884	0.784946237	0.357142857
0.004240137	0.369767442	0.946236559	0.714285714
0.13750159	0.074418605	0.849462366	0.607142857
0.006107817	0.358139535	0.52688172	0.803571429
0.018806018	0.474418605	0.870967742	0.839285714
0.033840333	0.041860465	0.956989247	0.446428571
0.06097721	0.269767442	0.860215054	0.607142857
0.054273755	0.311627907	0.870967742	0.446428571
0.003836315	0.206976744	0.967741935	0.714285714
0.012720411	0.458139535	0.989247312	0.714285714
0.151998821	0.048837209	0.978494624	0.714285714
0.058083821	0.093023256	0.967741935	0.839285714
0.022749345	0.258139535	0.849462366	0.714285714
0.076726291	0.148837209	0.849462366	0.714285714
0.004654055	0.209302326	0.752688172	0.607142857
0.021469228	0.362790698	0.870967742	0.714285714
0.09384635	0.109302326	0.225806452	0.714285714
0.04795797	0.097674419	0.849462366	0.357142857
0.015950992	0.297674419	0.88172043	0.607142857
0.127226324	0.046511628	0.333333333	0.714285714
0.025440823	0.769767442	0.903225806	0.714285714
0.022109287	0.406976744	0.892473118	0.714285714
0.018172016	0.534883721	0.892473118	0.607142857
0.019601548	0.355813953	0.967741935	0.714285714
0.113171279	0.08372093	0.978494624	0.482142857
0.029343768	0.26744186	1	0.714285714
0.017095829	0.220930233	0.989247312	0.714285714
0.036788237	0.018604651	0.838709677	0.446428571
0.027863758	0.097674419	0.913978495	0.714285714
0.019922587	0.053488372	0.924731183	0.446428571
0.059967654	0.03255814	0.913978495	0.607142857
0.002927714	0.039534884	1	0.714285714
0.034365302	0.023255814	0.838709677	0.714285714
0.897253401	0.020930233	0.483870968	0.303571429
0.023623621	0.33255814	0.688172043	0.714285714
0.01755013	0.360465116	0.967741935	0.714285714
0.127628128	0.027906977	0.52688172	0.482142857
0.041593726	0.593023256	0.978494624	0.714285714
0.018105386	0.218604651	0.935483871	0.714285714
0.015648125	0.327906977	0.946236559	0.607142857
0.005734281	0.155813953	0.913978495	0.607142857
0.032103895	0.225581395	0.870967742	0.714285714
0.022603969	0.248837209	0.88172043	0.607142857
0.026173761	0.220930233	0.989247312	0.607142857
0.054475667	0.293023256	0.892473118	0.714285714
0.037676647	0.013953488	1	0.714285714
0.038926478	0.169767442	0.88172043	0.607142857
0.036747855	0.239534884	0.52688172	0.482142857
0.040315628	0.146511628	0.602150538	0.357142857
0.085408477	0.058139535	0.52688172	0.482142857
0.042764812	0.023255814	0.870967742	0.607142857
0.037070913	0.027906977	0.892473118	0.714285714
0.041472579	0.023255814	0.88172043	0.714285714
0.04452144	0.076744186	1	0.714285714
0.026854202	0.069767442	0.838709677	0.482142857
0.010123832	0.474418605	0.860215054	0.607142857
0.036747855	0.379069767	0.989247312	0.839285714
0.01716246	0.334883721	0.849462366	0.607142857
0.038686204	0.325581395	1	0.714285714
0.030438127	0.186046512	0.612903226	0.714285714
0.029830374	0.181395349	0.591397849	0.607142857
0.215574629	0.069767442	0.430107527	0.892857143
0.048256799	0.034883721	0.870967742	0.607142857
0.056393824	0.044186047	0.827956989	0.357142857
0.005300171	0.593023256	0.978494624	0.607142857
0.020897819	0.41627907	0.967741935	0.714285714
0.026349424	0.372093023	0.849462366	0.714285714
0.050522244	0.125581395	0.849462366	0.357142857
0.041795638	0.618604651	0.849462366	0.892857143
0.222370964	0.106976744	0.870967742	0.714285714
0.023623621	0.323255814	0.978494624	0.714285714
0.240072527	0.144186047	0.903225806	0.714285714
0.003735359	0.441860465	0.795698925	0.714285714
0.050522244	0.079069767	0.838709677	0.357142857
0.049670178	0.469767442	0.817204301	0.714285714
0.159267627	0.134883721	0.892473118	0.482142857
0.060286674	0.204651163	0.623655914	0.714285714
0.037757412	0.088372093	0.76344086	0.714285714
0.109839743	0.360465116	0.817204301	0.303571429
0.018929184	0.248837209	0.52688172	0.892857143
0.033517275	0.511627907	0.698924731	0.892857143
0.047535976	0.041860465	0.838709677	0.357142857
0.059870736	0.06744186	0.849462366	0.357142857
0.016960549	0.181395349	0.903225806	0.714285714
0.013124234	0.430232558	0.892473118	0.714285714
0.059198372	0.197674419	0.913978495	0.607142857
0.008258172	0.395348837	0.903225806	0.714285714
0.014941436	0.01627907	0.978494624	0.607142857
0.035863484	0.051162791	0.268817204	0.357142857
0.086135357	0.044186047	0.903225806	0.714285714
0.164961526	0.339534884	0.956989247	0.714285714
0.101662336	0.08372093	0.698924731	0.607142857
0.175259002	0.034883721	0.956989247	0.714285714
0.024592795	0.13255814	0.860215054	0.714285714
0.014689047	0.262790698	0.677419355	0.714285714
0.12659838	0.262790698	0.817204301	0.357142857
0.301251648	0.120930233	0.698924731	0.892857143
0.011761333	0.376744186	0.989247312	0.714285714
0.022175917	0.046511628	0.838709677	0.892857143
0.069802753	0.130232558	0.215053763	0.714285714
0.057611349	0.206976744	0.989247312	0.714285714
0.113474146	0.237209302	0.838709677	0.714285714
0.0400592	0.030232558	0.860215054	0.714285714
0.565200185	0.053488372	0.774193548	0.714285714
0.033315363	0.223255814	0.978494624	0.839285714
0.007016417	0.025581395	0.559139785	0.607142857
0.055525605	0.06744186	0.870967742	0.714285714
0.042684047	0.030232558	0.978494624	0.446428571
0.052866434	0.176744186	0.419354839	0.892857143
0.088418974	0.13255814	0.903225806	0.482142857
0.021200686	0.144186047	0.344086022	0.714285714
0.045530996	0.120930233	0.88172043	0.714285714
0.081975985	0.23255814	0.978494624	0.446428571
0.044032815	0.186046512	0.053763441	0.357142857
0.042159078	0.025581395	0.88172043	0.714285714
0.075211956	0.037209302	0.849462366	0.446428571
0.341835818	0.044186047	0.698924731	0.607142857
0.040160156	0.090697674	0.580645161	0.714285714
0.051689291	0.644186047	0.989247312	0.714285714
0.067690761	0.106976744	0.634408602	0.839285714
0.013629012	0.544186047	0.849462366	0.714285714
0.054186934	0.18372093	0.860215054	0.607142857
0.020493996	0.495348837	0.849462366	0.714285714
0.038363146	0.362790698	0.967741935	0.839285714
0.030690516	0.613953488	0.817204301	0.892857143
0.017970105	0.727906977	0.817204301	0.892857143
0.008793237	0.313953488	0.935483871	0.482142857
0.035132565	0.330232558	0.849462366	0.714285714
0.037030531	0.360465116	0.838709677	0.446428571
0.054112226	0.502325581	0.849462366	0.714285714
0.241889728	0.081395349	0.870967742	0.160714286
0.04058417	0.086046512	0.860215054	0.839285714
0.031901984	0.01627907	0.88172043	0.714285714
0.015749081	0.413953488	0.978494624	0.714285714
0.082824012	0.095348837	0.892473118	0.714285714
0.066711491	0.1	0.838709677	0.714285714
0.151332514	0.109302326	0.64516129	0.303571429
0.050881646	0.006976744	0.849462366	0.839285714
0.036990149	0.327906977	0.924731183	0.714285714
0.01832345	0.093023256	0.935483871	0.714285714
0.039170791	0.453488372	0.817204301	0.892857143
0.117764761	0.195348837	0.903225806	0.803571429
0.024481744	0.320930233	0.924731183	0.714285714
0.082466629	0.202325581	0.956989247	0.839285714
0.245952183	0.048837209	0.967741935	0.482142857
0.101763291	0.5	1	0.892857143
0.046304317	0.023255814	0.838709677	0.607142857
0.023017887	0.555813953	0.817204301	0.803571429
0.015829845	0.23255814	0.967741935	0.607142857
0.36256605	0.074418605	0.88172043	0.607142857
0.052228394	0.090697674	0.709677419	0.714285714
0.062188678	0.237209302	0.698924731	0.892857143
0.037474736	0.020930233	0.838709677	0.446428571
0.019841823	0.03255814	0.795698925	0.482142857
0.024330311	0.379069767	0.849462366	0.714285714
0.082628158	0.141860465	0.892473118	0.482142857
0.048054888	0.090697674	0.870967742	0.303571429
0.026989482	0.058139535	0.956989247	0.714285714
0.058857142	0.093023256	0.419354839	0.714285714
0.074707178	0.095348837	0.76344086	0.714285714
0.05471796	0.297674419	0.924731183	0.803571429
0.049450095	0.1	0.849462366	0.357142857
0.066832638	0.281395349	0.892473118	0.482142857
0.075767212	0.139534884	0.88172043	0.714285714
0.073213035	0.03255814	0.483870968	0.607142857
0.048054888	0.546511628	0.817204301	0.892857143
0.016152903	0.462790698	0.849462366	0.714285714
0.012367067	0.037209302	0.892473118	0.714285714
0.062996323	0.493023256	0.903225806	0.446428571
0.090738935	0.048837209	0.795698925	0.482142857
0.035536387	0.027906977	1	0.446428571
0.01877775	0.56744186	0.88172043	0.607142857
0.034647978	0.327906977	0.870967742	0.714285714
0.01755013	0.081395349	0.634408602	0.714285714
0.097052701	0.144186047	0.602150538	0.607142857
0.124662051	0.08372093	0.860215054	0.357142857
0.035031609	0.190697674	0.698924731	0.839285714
0.009086008	0.437209302	0.892473118	0.714285714
0.040685125	0.169767442	0.709677419	0.714285714
0.057544718	0.453488372	0.903225806	0.714285714
0.013376623	0.462790698	0.924731183	0.714285714
0.040592246	0.162790698	0.440860215	0.607142857
0.028267581	0.397674419	0.817204301	0.714285714
0.045026218	0.358139535	0.817204301	0.714285714
0.029277137	0.472093023	0.817204301	0.892857143
0.027984905	0.146511628	0.47311828	0.839285714
0.039574613	0.034883721	0.88172043	0.714285714
0.00277628	0.197674419	0.52688172	0.839285714
0.023219799	0.560465116	0.956989247	0.714285714
0.05820093	0.186046512	0.52688172	0.607142857
0.280404307	0.088372093	0.76344086	0.714285714
0.033678804	0.041860465	0.924731183	0.714285714
0.02271502	0.306976744	0.935483871	0.714285714
0.92891511	0.009302326	0.247311828	0.607142857
0.081521684	0.027906977	0.88172043	0.714285714
0.193229107	0.104651163	0.989247312	0.714285714
0.023825532	0.493023256	0.817204301	0.839285714
0.020334486	0.053488372	0.774193548	0.607142857
0.080326369	0.06744186	0.634408602	0.839285714
0.068084488	0.020930233	0.924731183	0.607142857
0.263494236	0.230232558	0.935483871	0.714285714
0.023062308	0.313953488	0.924731183	0.714285714
0.042320607	0.06744186	0.913978495	0.714285714
0.01877775	0.358139535	0.935483871	0.714285714
0.057948541	0.369767442	0.817204301	0.892857143
0.030084783	0.260465116	0.849462366	0.482142857
0.57998413	0.027906977	0.935483871	0.607142857
0.05936192	0.537209302	0.903225806	0.714285714
0.068246017	0.258139535	0.924731183	0.714285714
0.090577406	0.220930233	0.935483871	0.714285714
0.027459936	0.265116279	0.817204301	0.714285714
0.140546412	0.1	0.247311828	0.714285714
0.037151678	0.097674419	0.11827957	0.482142857
0.012181308	0.037209302	0.870967742	0.714285714
0.028570448	0.304651163	0.698924731	0.607142857
0.056232295	0.313953488	0.849462366	0.839285714
0.048812055	0.211627907	0.849462366	0.892857143
0.050841263	0.134883721	0.47311828	0.892857143
0.0125185	0.01627907	0.569892473	0.357142857
0.065045723	0.113953488	0.47311828	0.482142857
0.232702764	0.165116279	0.698924731	0.803571429
0.078785786	0.095348837	0.956989247	0.714285714
0.035701955	0.190697674	0.559139785	0.607142857
0.098330799	0.520930233	0.935483871	0.607142857
0.022614065	0.786046512	0.956989247	0.446428571
0.013124234	0.4	0.849462366	0.839285714
0.022361676	0.31627907	0.76344086	0.714285714
0.002529948	0.346511628	0.494623656	0.482142857
0.093216386	0.144186047	0.892473118	0.714285714
0.043330163	0.018604651	0.913978495	0.607142857
0.070610398	0.137209302	0.408602151	0.607142857
0.032507718	0.020930233	0.967741935	0.714285714
0.029781916	0.21627907	0.892473118	0.482142857
0.00787454	0.541860465	0.978494624	0.303571429
0.739205318	0.023255814	0.569892473	0.607142857
0.036142121	0.172093023	0.924731183	0.714285714
0.032669247	0.030232558	1	0.714285714
0.054314138	0.125581395	0.892473118	0.714285714
0.585845615	0.065116279	0.698924731	0.714285714
0.352587594	0.041860465	0.924731183	0.357142857
0.014941436	0.346511628	0.698924731	0.892857143
0.198428323	0.102325581	0.989247312	0.714285714
0.104590049	0.127906977	0.817204301	0.714285714
0.022916932	0.374418605	0.913978495	0.714285714
0.063955402	0.079069767	0.634408602	0.839285714
0.00771705	0.420930233	0.924731183	0.607142857
0.012048047	0.088372093	0.913978495	0.446428571
0.088840969	0.327906977	0.935483871	0.714285714
0.001110512	0.325581395	0.698924731	0.714285714
0.015749081	0.202325581	0.849462366	0.714285714
0.006836716	0.174418605	0.376344086	0.803571429
0.056535162	0.279069767	0.924731183	0.714285714
0.020796863	0.379069767	0.946236559	0.714285714
0.037622131	0.048837209	0.967741935	0.714285714
0.017027179	0.230232558	0.892473118	0.714285714
0.017970105	0.730232558	0.967741935	0.446428571
0.242529787	0.076744186	0.430107527	0.696428571
0.013915726	0.213953488	0.021505376	0.607142857
0.063010457	0.209302326	0.946236559	0.607142857
0.028550257	0.223255814	0.860215054	0.714285714
0.03432492	0.202325581	0.193548387	0.607142857
0.05310267	0.648837209	0.870967742	0.714285714
0.024229355	0.530232558	0.892473118	0.714285714
0.057443763	0.08372093	0.52688172	0.607142857
0.032911541	0.025581395	0.860215054	0.446428571
0.025238912	0.3	0.978494624	0.714285714
0.005855427	0.774418605	0.817204301	0.803571429
0.01716246	0.795348837	0.989247312	0.714285714
0.010701298	0.720930233	0.838709677	0.482142857
0.026803724	0.186046512	0.666666667	0.482142857
0.056054613	0.134883721	0.956989247	0.892857143
0.035183043	0.251162791	0.88172043	0.607142857
0.009287919	0.439534884	0.903225806	0.839285714
0.050275912	0.21627907	0.924731183	0.714285714
0.017053428	0.320930233	0.580645161	0.607142857
0.031901984	0.804651163	0.817204301	0.839285714
0.039944111	0.079069767	0.709677419	0.714285714
0.628549853	0.065116279	0.978494624	0.714285714
0.027999039	0.125581395	0.709677419	0.714285714
0.062188678	0.565116279	0.978494624	1
0.030805606	0.06744186	0.387096774	0.714285714
0.0125185	0.720930233	0.989247312	0.714285714
0.030084783	0.579069767	0.817204301	0.892857143
0.019417809	0.320930233	0.935483871	0.714285714
0.023219799	0.111627907	0.956989247	0.482142857
0.101157557	0.365116279	0.967741935	0.446428571
0.032790394	0.048837209	0.989247312	0.714285714
0.05185082	0.297674419	0.924731183	0.714285714
0.076019602	0.262790698	0.978494624	0.839285714
0.055959715	0.153488372	1	0.482142857
0.01367949	0.448837209	0.88172043	0.714285714
0.037999705	0.323255814	1	0.714285714
0.082177896	0.304651163	0.817204301	0.714285714
0.042821347	0.2	0.053763441	0.357142857
0.045246301	0.123255814	0.838709677	0.357142857
0.553741719	0.03255814	0.225806452	0.482142857
0.048155843	0.165116279	0.688172043	0.803571429
0.599727016	0.051162791	0.774193548	0.714285714
0.022109287	0.327906977	0.698924731	0.892857143
0.025440823	0.039534884	0.838709677	0.482142857
0.059160009	0.360465116	0.817204301	0.607142857
0.031498162	0.034883721	0.870967742	0.714285714
0.035819063	0.337209302	0.88172043	0.714285714
0.017768194	0.21627907	0.849462366	0.714285714
0.059119626	0.137209302	0.47311828	0.714285714
0.631780434	0.08372093	0.698924731	0.892857143
0.036263268	0.039534884	0.935483871	0.714285714
0.015829845	0.43255814	0.956989247	0.839285714
0.060775299	0.241860465	0.698924731	0.714285714
0.160390254	0.044186047	0.612903226	0.839285714
0.011206077	0.274418605	0.76344086	0.714285714
0.016375006	0.053488372	0.408602151	0.607142857
0.032743954	0.16744186	0.52688172	0.607142857
0.024612987	0.079069767	0.580645161	0.607142857
0.070547806	0.081395349	1	0.714285714
0.026248468	0.355813953	0.698924731	0.803571429
0.072924301	0.062790698	0.634408602	0.839285714
0.047772212	0.3	0.870967742	0.714285714
0.030892428	0.08372093	0.978494624	1
0.235024744	0.276744186	0.817204301	0.803571429
0.127557459	0.058139535	0.774193548	0.714285714
0.021856897	0.272093023	0.52688172	0.803571429
0.034627787	0.260465116	1	0.839285714
0.054192991	0.030232558	0.88172043	0.303571429
0.0125185	0.013953488	0.870967742	0.714285714
0.101504845	0.090697674	0.172043011	0.482142857
0.180104873	0.120930233	0.849462366	0.714285714
0.073523978	0.093023256	0.387096774	0.892857143
0.037757412	0.341860465	0.731182796	0.803571429
0.07825476	0.037209302	0.462365591	0.714285714
0.02574369	0.288372093	0.698924731	0.714285714
0.05148738	0.213953488	1	0.714285714
0.139722614	0.351162791	0.935483871	0.714285714
0.017350237	0.369767442	0.924731183	0.482142857
0.043612839	0.244186047	1	0.607142857
0.048539475	0.020930233	0.924731183	0.714285714
0.008884097	0.195348837	0.677419355	0.714285714
0.069211153	0.051162791	0.838709677	0.357142857
0.02690468	0.095348837	0.52688172	0.482142857
0.008480274	0.741860465	0.817204301	0.803571429
0.0156138	0.374418605	0.838709677	0.714285714
0.073855112	0.158139535	0.860215054	0.482142857
0.018474883	0.502325581	0.698924731	0.803571429
0.009287919	0.351162791	0.860215054	0.714285714
0.000807645	0.555813953	0.817204301	0.482142857
0.139042173	0.079069767	0.870967742	0.607142857
0.020069982	0.134883721	0.892473118	0.714285714
0.006374339	0.1	0.387096774	0.803571429
0.036444988	0.218604651	0.76344086	0.714285714
0.114382747	0.246511628	0.838709677	0.714285714
0.020342563	0.053488372	0.774193548	0.607142857
0.022614065	0.560465116	0.956989247	1
0.122055376	0.1	0.956989247	0.714285714
0.00625925	0.11627907	0.967741935	0.714285714
0.059765743	0.506976744	0.817204301	0.892857143
0.033921097	0.225581395	0.623655914	0.714285714
0.017455231	0.165116279	0.849462366	0.607142857
0.012397353	0.437209302	0.924731183	0.714285714
0.050477823	0.276744186	0.88172043	0.607142857
0.039978436	0.544186047	0.817204301	0.607142857
0.019585395	0.520930233	0.817204301	0.892857143
0.06329919	0.276744186	0.849462366	0.714285714
0.035738299	0.030232558	0.838709677	0.714285714
0.030791472	0.344186047	0.698924731	0.892857143
0.085610388	0.153488372	0.978494624	0.482142857
0.035132565	0.569767442	0.860215054	0.714285714
0.017364371	0.239534884	0.76344086	0.714285714
0.038470159	0.162790698	0.892473118	0.607142857
0.018137691	0.362790698	1	0.607142857
0.045530996	0.095348837	0.849462366	0.714285714
0.006461161	0.18372093	0.52688172	0.892857143
0.03129625	0.555813953	0.817204301	0.892857143
0.036243077	0.118604651	0.88172043	0.482142857
0.0425629	0.148837209	0.989247312	0.714285714
0.050613104	0.158139535	0.602150538	0.714285714
0.023643812	0.197674419	0.494623656	0.607142857
0.096412642	0.030232558	0.849462366	0.714285714
0.037353589	0.155813953	0.709677419	0.714285714
0.025037	0.406976744	0.978494624	0.714285714
0.016152903	0.539534884	0.817204301	0.607142857
0.018020583	0.081395349	1	0.482142857
0.012922323	0.520930233	0.849462366	0.714285714
0.051285468	0.041860465	0.870967742	0.714285714
0.035132565	0.211627907	0.161290323	0.714285714
0.027373114	0.223255814	0.892473118	0.607142857
0.020407174	0.037209302	0.247311828	0.696428571
0.03398369	0.162790698	0.52688172	0.607142857
0.026167703	0.13255814	0.47311828	0.714285714
0.087514411	0.102325581	0.387096774	0.803571429
0.050855397	0.046511628	0.827956989	0.357142857
0.008884097	0.044186047	1	0.839285714
0.0742024	0.076744186	0.989247312	0.714285714
0.037959323	0.530232558	0.838709677	0.714285714
0.045147365	0.311627907	1	0.607142857
0.020393041	0.765116279	0.838709677	0.714285714
0.011367606	0.309302326	0.569892473	0.714285714
0.038766968	0.320930233	0.978494624	0.714285714
0.023320754	0.102325581	0.849462366	0.714285714
0.04406714	0.030232558	0.64516129	0.714285714
0.04684342	0.497674419	0.956989247	0.446428571
0.064678244	0.018604651	0.967741935	0.714285714
0.038060279	0.23255814	0.849462366	0.714285714
0.013887459	0.251162791	0.569892473	0.714285714
0.020191129	0.413953488	0.817204301	0.714285714
0.042603283	0.069767442	0.76344086	0.714285714
0.084588717	0.111627907	0.612903226	0.357142857
0.075539053	0.141860465	0.344086022	0.714285714
0.047852976	0.323255814	1	0.714285714
0.033274981	0.034883721	0.935483871	0.714285714
0.163780345	0.079069767	0.150537634	0.803571429
0.227554026	0.309302326	0.870967742	0.892857143
0.078876646	0.030232558	0.849462366	0.357142857
0.667518732	0.125581395	0.817204301	0.892857143
0.214429792	0.244186047	0.946236559	0.714285714
0.057106571	0.023255814	0.827956989	0.357142857
0.091304286	0.11627907	0.64516129	0.714285714
0.008504504	0.120930233	0.677419355	0.714285714
0.043895515	0.034883721	0.967741935	0.714285714
0.075111001	0.418604651	0.860215054	0.714285714
0.033396128	0.020930233	0.88172043	0.714285714
0.050558588	0.027906977	0.903225806	0.303571429
0.010067297	0.455813953	1	0.714285714
0.051335946	0.06744186	0.913978495	0.482142857
0.020191129	0.5	0.817204301	0.714285714
0.273488845	0.076744186	0.88172043	0.714285714
0.05480882	0.213953488	0.860215054	0.607142857
0.630086398	0.027906977	0.172043011	0.803571429
0.055721459	0.137209302	0.924731183	0.607142857
0.04782269	0.039534884	0.860215054	0.482142857
0.055929428	0.123255814	0.602150538	0.714285714
0.021200686	0.481395349	0.967741935	0.714285714
0.017531958	0.390697674	0.989247312	0.714285714
0.031094339	0.030232558	1	0.714285714
0.010499387	0.937209302	0.817204301	0.803571429
0.014739524	0.555813953	0.817204301	0.714285714
0.028671404	0.062790698	0.774193548	0.714285714
0.034930654	0.58372093	0.967741935	0.714285714
0.080683752	0.027906977	0.892473118	0.714285714
0.139964908	0.076744186	0.849462366	0.714285714
0.026046557	0.595348837	0.849462366	0.714285714
0.336384213	0.206976744	0.817204301	0.892857143
0.025037	0.323255814	0.698924731	0.892857143
0.027258024	0.68372093	0.88172043	1
0.067337416	0.251162791	0.849462366	0.714285714
0.016926224	0.123255814	0.612903226	0.714285714
0.020342563	0.309302326	0.76344086	0.714285714
0.012114678	0.16744186	0.892473118	0.714285714
0.030690516	0.639534884	0.817204301	0.803571429
0.075246281	0.251162791	0.989247312	0.714285714
0.036424797	0.348837209	0.860215054	0.714285714
0.004946827	0.372093023	0.698924731	0.714285714
0.009136486	0.525581395	0.989247312	0.714285714
0.161428078	0.123255814	0.849462366	0.714285714
0.105902473	0.146511628	0.903225806	0.714285714
0.032386571	0.023255814	0.989247312	0.714285714
0.038161234	0.181395349	0.76344086	0.714285714
0.046712177	0.106976744	0.838709677	0.357142857
0.01905235	0.051162791	0.892473118	0.482142857
0.018575839	0.246511628	0.88172043	0.714285714
0.008884097	0.825581395	0.924731183	0.446428571
0.023623621	0.344186047	0.946236559	0.714285714
0.021537878	0.258139535	0.924731183	0.839285714
0.047368389	0.046511628	0.892473118	0.714285714
0.022276873	0.38372093	0.903225806	0.714285714
0.059967654	0.330232558	0.88172043	0.714285714
0.026046557	0.569767442	0.817204301	0.892857143
0.024431266	0.239534884	0.698924731	0.607142857
0.028772359	0.241860465	0.935483871	0.714285714
0.015950992	0.430232558	0.860215054	0.482142857
0.129223227	0.279069767	0.817204301	0.714285714
0.027459936	0.558139535	0.903225806	0.714285714
0.017499652	0.204651163	0.860215054	0.714285714
0.028469492	0.118604651	0.52688172	0.803571429
0.00541728	0.11627907	0.129032258	0.482142857
0.169151185	0.076744186	0.52688172	0.714285714
0.089648614	0.427906977	0.817204301	0.803571429
0.026854202	0.165116279	0.860215054	0.714285714
0.031700073	0.241860465	0.52688172	0.803571429
0.27035922	0.188372093	0.989247312	0.892857143
0.053199587	0.065116279	0.838709677	0.357142857
0.023522666	0.293023256	0.924731183	0.714285714
0.044016662	0.025581395	0.860215054	0.607142857
0.018828228	0.053488372	0.774193548	0.714285714
0.004680304	0.302325581	0.924731183	0.607142857
0.021235011	0.141860465	0.419354839	0.714285714
0.020354677	0.055813953	0.602150538	0.714285714
0.034526831	0.023255814	0.913978495	0.714285714
0.014897015	0.304651163	0.838709677	0.714285714
0.210256286	0.13255814	0.827956989	0.696428571
0.040382258	0.479069767	0.967741935	0.714285714
0.384035278	0.158139535	0.989247312	0.714285714
0.050665601	0.158139535	1	0.607142857
0.074707178	0.441860465	0.838709677	0.446428571
0.086216122	0.048837209	0.64516129	0.839285714
0.082379807	0.279069767	0.88172043	0.892857143
0.090355303	0.134883721	0.76344086	0.607142857
0.655404055	0.034883721	0.913978495	0.714285714
0.12659838	0.313953488	0.817204301	0.892857143
0.049427884	0.027906977	0.924731183	0.714285714
0.180710607	0.088372093	0.64516129	0.714285714
0.01538564	0.125581395	0.47311828	0.714285714
0.011004165	0.397674419	0.849462366	0.714285714
0.070555882	0.137209302	0.215053763	0.482142857
0.094494485	0.139534884	1	0.714285714
0.056389786	0.165116279	0.849462366	0
0.036747855	0.062790698	0.860215054	0.714285714
0.00974222	0.211627907	0.76344086	0.714285714
0.085206565	0.218604651	0.978494624	0.714285714
0.724469831	0.027906977	0.612903226	0.714285714
0.035738299	0.411627907	0.849462366	0.839285714
0.026733055	0.146511628	0.892473118	0.714285714
0.035011418	0.097674419	0.892473118	0.714285714
0.026046557	0.651162791	0.817204301	0.892857143
0.022424268	0.179069767	0.483870968	0.607142857
0.029277137	0.362790698	0.913978495	0.607142857
0.017970105	0.041860465	0.935483871	0.482142857
0.027964714	0.106976744	0.956989247	0.482142857
0.043935897	0.037209302	0.978494624	0.607142857
0.040543787	0.330232558	0.989247312	0.714285714
0.117956577	0.190697674	0.838709677	0.714285714
0.018929184	0.502325581	0.946236559	0.714285714
0.025440823	0.374418605	0.956989247	0.714285714
0.015310933	0.093023256	0.978494624	0.714285714
0.013461426	0.106976744	0.967741935	0.714285714
0.055626561	0.069767442	0.150537634	0.160714286
0.037656456	0.274418605	0.698924731	0.714285714
0.018020583	0.281395349	0.903225806	0.714285714
0.011787581	0.31627907	0.591397849	0.714285714
0.016506248	0.295348837	0.849462366	0.607142857
0.052012349	0.3	0.935483871	0.714285714
0.04918761	0.109302326	0.838709677	0.357142857
0.014200421	0.348837209	0.602150538	0.714285714
0.009221289	0.039534884	0.924731183	0.607142857
0.038888115	0.274418605	0.870967742	0.714285714
0.064207791	0.060465116	0.634408602	0.839285714
0.023017887	0.281395349	0.913978495	0.714285714
0.046681891	0.025581395	0.924731183	0.607142857
0.052307139	0.148837209	0.516129032	0.607142857
0.03594021	0.034883721	0.892473118	0.714285714
0.048676774	0.139534884	0.559139785	0.482142857
0.057140896	0.539534884	0.903225806	0.714285714
0.018014525	0.325581395	0.913978495	0.714285714
0.04823055	0.086046512	0.838709677	0.357142857
0.044985836	0.309302326	0.870967742	0.607142857
0.264200926	0.090697674	0.76344086	0.714285714
0.023017887	0.658139535	0.838709677	0.892857143
0.013528057	0.427906977	0.860215054	0.714285714
0.019328968	0.330232558	0.849462366	0.714285714
0.42495664	0.08372093	0.870967742	0.714285714
0.931618703	0.018604651	0.623655914	0.714285714
0.038363146	0.346511628	0.913978495	0.714285714
0.063264865	0.172093023	0.903225806	0.714285714
0.031116549	0.220930233	0.860215054	0.607142857
0.008611517	0.306976744	0.580645161	0.607142857
0.027696172	0.31627907	0.870967742	0.714285714
0.347990074	0.053488372	0.967741935	0.607142857
0.01413379	0.639534884	0.817204301	0.892857143
0.013528057	0.395348837	0.913978495	0.714285714
0.035213329	0.339534884	1	0.714285714
0.034997284	0.051162791	0.924731183	0.607142857
0.018010487	0.165116279	0.892473118	0.714285714
0.014941436	0.672093023	0.817204301	0.892857143
0.007117373	0.23255814	0.88172043	0.803571429
0.015749081	0.569767442	0.817204301	0.714285714
0.074303356	0.148837209	0.838709677	0.714285714
0.092475372	0.41627907	0.817204301	0.696428571
0.166526338	0.141860465	0.52688172	0.803571429
0.041795638	0.158139535	0.76344086	0.714285714
0.024936045	0.397674419	0.849462366	0.714285714
0.018440558	0.102325581	0.935483871	0.714285714
0.022513109	0.255813953	0.860215054	0.607142857
0.668326377	0.127906977	0.817204301	0.892857143
0.60936828	0.053488372	0.52688172	0.892857143
0.018828228	0.21627907	0.76344086	0.714285714
0.029563851	0.253488372	0.913978495	0.482142857
0.026248468	0.569767442	0.838709677	0.714285714
0.05936192	0.472093023	0.860215054	0.714285714
0.020932144	0.095348837	0.602150538	0.482142857
0.076574858	0.137209302	0.666666667	0.607142857
0.006426836	0.495348837	1	0.714285714
0.167733768	0.090697674	0.935483871	0
0.079225953	0.020930233	0.139784946	0.160714286
0.161579512	0.130232558	0.76344086	0.714285714
0.023169321	0.2	0.870967742	0.714285714
0.035374858	0.034883721	0.892473118	0.714285714
0.023098652	0.127906977	0.494623656	0.714285714
0.048216417	0.279069767	0.838709677	0.714285714
0.023825532	0.651162791	1	0.607142857
0.044622396	0.072093023	0.913978495	0.714285714
0.076591011	0.11627907	0.419354839	0.892857143
0.034173486	0.139534884	0.860215054	0.482142857
0.032305807	0.662790698	0.88172043	0.482142857
0.026551335	0.113953488	0.870967742	0.482142857
0.049345101	0.139534884	0.580645161	0.607142857
0.053587257	0.288372093	0.903225806	0.714285714
0.017505709	0.36744186	0.924731183	0.607142857
0.005855427	0.837209302	0.817204301	0.803571429
0.014941436	0.318604651	0.52688172	0.892857143
0.183739276	0.137209302	0.602150538	0.714285714
0.021879108	0.072093023	0.279569892	0.607142857
0.082089055	0.151162791	0.935483871	0.482142857
0.027459936	0.11627907	0.88172043	0.714285714
0.030084783	0.241860465	0.924731183	0.714285714
0.488726283	0.044186047	0.956989247	0.714285714
0.193281604	0.062790698	0.247311828	0.607142857
0.063157852	0.030232558	0.913978495	0.607142857
0.013326145	0.848837209	0.935483871	0.839285714
0.021200686	0.679069767	0.956989247	0.714285714
0.035247654	0.090697674	0.88172043	0.892857143
0.035899828	0.355813953	0.903225806	0.714285714
0.041593726	0.31627907	0.924731183	0.446428571
0.120827756	0.004651163	0.268817204	0
0.280858608	0.181395349	0.989247312	0.714285714
0.015496692	0.211627907	0.010752688	0.607142857
0.020998774	0.041860465	0.892473118	0.607142857
0.032271482	0.023255814	0.731182796	0.714285714
0.05665429	0.176744186	0.903225806	0.607142857
0.02358122	0.23255814	0.849462366	0.607142857
0.08116834	0.381395349	0.849462366	0.446428571
0.014874805	0.034883721	0.978494624	0.714285714
0.056535162	0.551162791	0.946236559	0.714285714
0.162841457	0.130232558	0.967741935	0.446428571
0.019686351	0.36744186	0.698924731	0.803571429
0.041846115	0.213953488	0.677419355	0.714285714
0.051529781	0.148837209	0.52688172	0.607142857
0.022896741	0.148837209	0.139784946	0.482142857
0.044297318	0.11627907	0.838709677	0.357142857
0.049137132	0.188372093	0.935483871	0.714285714
0.054919872	0.544186047	0.956989247	0.714285714
0.024027444	0.288372093	0.978494624	0.714285714
0.062814603	0.051162791	0.64516129	0.714285714
0.067202135	0.065116279	0.634408602	0.839285714
0.108388001	0.079069767	0.043010753	0.607142857
0.036697377	0.044186047	0.655913978	0.482142857
0.307121209	0.058139535	0.967741935	0.607142857
0.026500857	0.130232558	0.52688172	0.607142857
0.100450868	0.246511628	0.698924731	0.714285714
0.008076452	0.211627907	0.462365591	0.803571429
0.018495074	0.039534884	0.88172043	0.482142857
0.021755942	0.246511628	0.52688172	0.714285714
0.071779464	0.127906977	0.419354839	0.714285714
0.048014505	0.034883721	0.913978495	0.607142857
0.012922323	0.413953488	0.924731183	0.714285714
0.058049497	0.337209302	0.698924731	0.803571429
0.024269737	0.03255814	0.494623656	0.303571429
0.015411889	0.130232558	0.903225806	0.714285714
0.019009948	0.323255814	0.892473118	0.482142857
0.037303111	0.211627907	0.76344086	0.714285714
0.046756598	0.106976744	0.838709677	0.357142857
0.02717726	0.151162791	0.924731183	0.714285714
0.020124499	0.139534884	0.602150538	0.803571429
0.004038226	0.802325581	0.978494624	0.714285714
0.014335702	0.581395349	0.913978495	0.714285714
0.034607595	0.023255814	0.935483871	0.714285714
0.017493594	0.337209302	0.924731183	0.607142857
0.2726812	0.079069767	0.76344086	0.714285714
0.060349266	0.162790698	0.311827957	0.714285714
0.009372722	0.034883721	0.634408602	0.714285714
0.060694534	0.048837209	0.989247312	0.446428571
0.033210369	0.153488372	0.494623656	0.607142857
0.035090163	0.265116279	0.88172043	0.607142857
0.096085546	0.155813953	0.989247312	0.607142857
0.061459778	0.018604651	0.806451613	0.357142857
0.034022053	0.041860465	0.709677419	0.482142857
0.041593726	0.190697674	0.602150538	0.714285714
0.042411467	0.151162791	0.88172043	0.607142857
0.162807132	0.088372093	0.870967742	0.607142857
0.021402597	0.36744186	0.817204301	0.714285714
0.020796863	0.160465116	0.88172043	0.714285714
0.033234599	0.03255814	0.903225806	0.714285714
0.035738299	0.618604651	1	0.714285714
0.002638981	0.258139535	0.215053763	0.607142857
0.437618497	0.013953488	0.634408602	0.714285714
0.287723592	0.227906977	0.817204301	0.892857143
0.017364371	0.225581395	0.989247312	0.714285714
0.037111296	0.01627907	0.838709677	0.714285714
0.074141827	0.025581395	0.860215054	0.607142857
0.045551188	0.306976744	0.88172043	0.607142857
0.034809507	0.030232558	0.978494624	0.714285714
0.456448744	0.034883721	0.978494624	0.714285714
0.014941436	0.634883721	0.860215054	0.446428571
0.053748786	0.127906977	0.47311828	0.892857143
0.260364611	0.155813953	0.849462366	0.714285714
0.062794412	0.053488372	1	0.607142857
0.048054888	0.272093023	0.698924731	0.892857143
0.028772359	0.093023256	0.698924731	0.482142857
0.150423913	0.03255814	0.827956989	0.714285714
0.013528057	0.076744186	0.892473118	0.839285714
0.089830334	0.046511628	0.935483871	0.607142857
0.013326145	0.372093023	0.838709677	0.714285714
0.153856405	0.33255814	0.989247312	0.446428571
0.056999558	0.006976744	0.838709677	0.357142857
0.021667101	0.169767442	0.52688172	0.482142857
0.049266355	0.234883721	0.892473118	0.607142857
0.134523398	0.081395349	0.913978495	0.714285714
0.058727918	0.144186047	0.935483871	0.607142857
0.013649203	0.153488372	0.47311828	0.892857143
0.016556726	0.725581395	0.946236559	0.714285714
0.048836284	0.111627907	0.849462366	0.357142857
0.565060866	0.044186047	0.967741935	0.714285714
0.01554717	0.558139535	0.817204301	0.714285714
0.059448742	0.023255814	0.838709677	0.357142857
0.035435432	0.3	1	0.803571429
0.072486154	0.153488372	0.698924731	0.607142857
0.020695907	0.537209302	0.838709677	0.892857143
0.291313574	0.062790698	0.623655914	0.714285714
0.038363146	0.327906977	0.903225806	0.446428571
0.007698878	0.1	0.139784946	0.482142857
0.108729231	0.146511628	0.849462366	0.607142857
0.258395976	0.086046512	0.870967742	0.839285714
0.27183923	0.072093023	0.903225806	0.714285714
0.021755942	0.046511628	0.978494624	0.714285714
0.168595929	0.355813953	0.817204301	0.803571429
0.020055849	0.197674419	0.419354839	0.714285714
0.10782063	0.193023256	0.817204301	0.607142857
0.033137681	0.018604651	0.397849462	0.607142857
0.085812299	0.293023256	0.989247312	0.714285714
0.030690516	0.355813953	1	0.714285714
0.127809848	0.304651163	0.924731183	0.839285714
0.277224204	0.244186047	0.817204301	0.892857143
0.027863758	0.21627907	0.849462366	0.714285714
0.117815239	0.2	0.956989247	0.714285714
0.021523744	0.386046512	0.978494624	0.714285714
0.143558929	0.4	1	0.839285714
0.259355055	0.093023256	0.76344086	0.714285714
0.014537613	0.558139535	0.892473118	0.714285714
0.036707473	0.030232558	0.88172043	0.714285714
0.077533936	0.153488372	0.602150538	0.607142857
0.000605734	0.323255814	0.698924731	0.714285714
0.056989462	0.058139535	0.88172043	0.714285714
0.325380048	0.086046512	0.720430108	0.892857143
0.060950962	0.055813953	0.849462366	0.357142857
0.1233678	0.011627907	0.913978495	0.714285714
0.010725528	0.148837209	0.666666667	0.714285714
0.105724791	0.048837209	1	0.803571429
0.019989218	0.469767442	0.88172043	0.482142857
0.03129625	0.027906977	0.978494624	0.714285714
0.11407988	0.43255814	0.892473118	0.714285714
0.022186013	0.309302326	0.913978495	0.714285714
0.004123029	0.288372093	0.634408602	0.607142857
0.044420484	0.025581395	0.935483871	0.607142857
0.009489831	0.518604651	0.946236559	0.303571429
0.034123008	0.025581395	0.946236559	0.714285714
0.032709629	0.311627907	0.956989247	0.714285714
0.046439597	0.218604651	0.978494624	0.839285714
0.039372702	0.3	1	0.714285714
0.059563831	0.239534884	0.967741935	0.839285714
0.144568485	0.176744186	0.698924731	0.714285714
0.046358833	0.041860465	0.870967742	0.607142857
0.010277285	0.339534884	0.64516129	0.714285714
0.094494485	0.179069767	0.88172043	0.892857143
0.012451869	0.430232558	0.903225806	0.607142857
0.036243077	0.090697674	0.978494624	0.607142857
0.670244535	0.03255814	0.903225806	0.482142857
0.118184737	0.144186047	0.731182796	0.357142857
0.014436657	0.381395349	0.849462366	0.839285714
0.016692007	0.272093023	0.935483871	0.714285714
0.045510805	0.072093023	0.956989247	0.714285714
0.008278363	0.855813953	0.913978495	0.714285714
0.141236949	0.211627907	0.849462366	0.714285714
0.055271197	0.081395349	0.849462366	0.357142857
0.05148738	0.086046512	0.849462366	0.357142857
0.224182108	0.072093023	0.215053763	0.482142857
0.03987748	0.548837209	0.88172043	0.803571429
0.043168634	0.030232558	1	0.303571429
0.032053418	0.306976744	0.849462366	0.607142857
0.035536387	0.039534884	0.838709677	0.714285714
0.240207807	0.041860465	0.602150538	0.892857143
0.046641509	0.251162791	0.870967742	0.607142857
0.005057878	0.234883721	0.698924731	0.607142857
0.009086008	0.897674419	0.817204301	0.839285714
0.063703013	0.102325581	0.849462366	0.714285714
0.085913255	0.060465116	0.76344086	0.714285714
0.069094044	0.023255814	0.956989247	0.607142857
0.011644224	0.106976744	0.978494624	0.714285714
0.019787307	0.172093023	0.967741935	0.714285714
0.060573388	0.106976744	0.924731183	0.607142857
0.03933232	0.353488372	0.935483871	0.714285714
0.050722136	0.176744186	0.924731183	0.607142857
0.03594021	0.034883721	0.978494624	0.714285714
0.013023278	0.030232558	0.892473118	0.446428571
0.044582013	0.023255814	0.913978495	0.714285714
0.022210242	0.304651163	0.817204301	0.839285714
0.102167114	0.213953488	0.946236559	0.714285714
0.024835089	0.595348837	0.817204301	0.803571429
0.075111001	0.020930233	0.827956989	0.357142857
0.033921097	0.490697674	0.817204301	0.892857143
0.012922323	0.372093023	0.838709677	0.714285714
0.088168604	0.181395349	0.602150538	0.607142857
0.059462876	0.104651163	0.870967742	0.714285714
0.01424888	0.048837209	0.88172043	0.714285714
0.002132183	0.172093023	0.591397849	0.607142857
0.032951923	0.023255814	1	0.714285714
0.135078655	0.072093023	0.849462366	0.714285714
0.030623886	0.011627907	0.655913978	0.607142857
0.071274686	0.374418605	0.698924731	0.803571429
0.038924459	0.26744186	0.096774194	0.696428571
0.025037	0.593023256	0.817204301	0.803571429
0.064544983	0.06744186	0.634408602	0.839285714
0.058346306	0.079069767	0.053763441	0.607142857
0.056696691	0.027906977	0.892473118	0.607142857
0.032760107	0.188372093	0.913978495	0.839285714
0.053708404	0.072093023	0.827956989	0.607142857
0.072688065	0.125581395	0.52688172	0.607142857
0.020023543	0.193023256	0.88172043	0.714285714
0.017768194	0.748837209	0.903225806	0.446428571
0.058958097	0.593023256	0.913978495	0.714285714
0.020863494	0.460465116	0.602150538	0.892857143
0.08394462	0.102325581	0.870967742	0.607142857
0.005451605	0.572093023	0.817204301	0.803571429
0.006990169	0.120930233	0.107526882	0.482142857
0.042665875	0.16744186	0.053763441	0.357142857
0.383496175	0.051162791	0.741935484	0.714285714
0.025440823	0.527906977	0.817204301	0.803571429
0.05774663	0.544186047	0.892473118	0.714285714
0.018309316	0.195348837	0.559139785	0.839285714
0.050082077	0.072093023	0.849462366	0.357142857
0.029392227	0.120930233	0.387096774	0.892857143
0.019123018	0.046511628	0.623655914	0.714285714
0.025844645	0.313953488	0.88172043	0.839285714
